TotalLine TotalSize(MB) TotalTime(s) StorageLine CrossCertifiedErrorLine Timestamp
0 0 0 0 0 0 0
13353428 2623.56 40 13353428 0 2017-12-01 12:02:33
30045213 5909.43 80 30045213 0 2017-12-01 12:02:41
46736998 9204.92 120 46736998 0 2017-12-01 12:04:02
63428783 12500 160 63428783 0 2017-12-01 12:04:45
80120568 15795 200 80120568 0 2017-12-01 12:05:27
96812353 19090 240 96812353 0 2017-12-01 12:06:04
113504138 22385 280 113504138 0 2017-12-01 12:06:23
130195923 25680 320 130195923 0 2017-12-01 12:06:58
146887708 28975 360 146887708 0 2017-12-01 12:08:16
163579493 32270 400 163579493 0 2017-12-01 12:08:59
180271278 35565 440 180271278 0 2017-12-01 12:09:08
196963063 38860 480 196963063 0 2017-12-01 12:13:29
213654848 42155 520 213654848 0 2017-12-01 12:11:07
230346633 45450 560 230346633 0 2017-12-01 12:11:49
247038418 48745 600 247038418 0 2017-12-01 12:12:31
263730203 52040 640 263730203 0 2017-12-01 12:13:01
280421988 55335 680 280421988 0 2017-12-01 12:13:57
297113773 58630 720 297113773 0 2017-12-01 12:14:39
313805558 61925 760 313805558 0 2017-12-01 12:15:22
330497343 65226.6 800 330497343 0 2017-12-01 12:15:26
347189128 68538.1 840 347189128 0 2017-12-01 12:16:28
363880913 71849.6 880 363880913 0 2017-12-01 12:17:30
380572698 75161.1 920 380572698 0 2017-12-01 12:21:25
397264483 78472.6 960 397264483 0 2017-12-01 12:18:32
413956268 81784.1 1000 413956268 0 2017-12-01 12:19:38
430648053 85095.6 1040 430648053 0 2017-12-01 12:20:20
447339838 88407.1 1080 447339838 0 2017-12-01 12:24:20
464031623 91718.6 1120 464031623 0 2017-12-01 12:21:44
480723408 95030.1 1160 480723408 0 2017-12-01 12:22:18
497415193 98341.6 1200 497415193 0 2017-12-01 12:22:50
514106978 101656 1240 514106978 0 2017-12-01 12:23:12
530798763 104971 1280 530798763 0 2017-12-01 12:27:52
547490548 108286 1320 547490548 0 2017-12-01 12:24:52
564182333 111601 1360 564182333 0 2017-12-01 12:29:11
580874118 114916 1400 580874118 0 2017-12-01 12:26:18
597565903 118231 1440 597565903 0 2017-12-01 12:27:23
614257688 121546 1480 614257688 0 2017-12-01 12:27:26
630949473 124861 1520 630949473 0 2017-12-01 12:28:42
647641258 128176 1560 647641258 0 2017-12-01 12:32:14
664333043 131491 1600 664333043 0 2017-12-01 12:30:12
681024828 134806 1640 681024828 0 2017-12-01 12:30:32
697716613 138121 1680 697716613 0 2017-12-01 12:31:37
714408398 141436 1720 714408398 0 2017-12-01 12:31:56
731100183 144751 1760 731100183 0 2017-12-01 12:32:44
747791968 148066 1800 747791968 0 2017-12-01 12:33:45
764483753 151381 1840 764483753 0 2017-12-01 12:34:23
781175538 154696 1880 781175538 0 2017-12-01 12:35:10
797867323 158011 1920 797867323 0 2017-12-01 12:35:52
814559108 161326 1960 814559108 0 2017-12-01 12:36:16
831250893 164641 2000 831250893 0 2017-12-01 12:37:08
847942678 167956 2040 847942678 0 2017-12-01 12:38:00
864634463 171271 2080 864634463 0 2017-12-01 12:38:42
881326248 174586 2120 881326248 0 2017-12-01 12:39:24
898018033 177901 2160 898018033 0 2017-12-01 12:39:30
914709818 181216 2200 914709818 0 2017-12-01 12:44:07
931401603 184531 2240 931401603 0 2017-12-01 12:41:08
948093388 187846 2280 948093388 0 2017-12-01 12:42:14
964785173 191161 2320 964785173 0 2017-12-01 12:42:57
981476958 194476 2360 981476958 0 2017-12-01 12:43:39
998168743 197791 2400 998168743 0 2017-12-01 12:44:21
1014860528 201106 2440 1014860528 0 2017-12-01 12:48:21
1031552313 204421 2480 1031552313 0 2017-12-01 12:49:05
1048244098 207736 2520 1048244098 0 2017-12-01 12:46:28
1064935883 211051 2560 1064935883 0 2017-12-01 12:47:11
1081627668 214366 2600 1081627668 0 2017-12-01 12:47:53
1098319453 217681 2640 1098319453 0 2017-12-01 12:48:36
1115011238 220996 2680 1115011238 0 2017-12-01 12:49:18
1131703023 224311 2720 1131703023 0 2017-12-01 12:49:25
1148394808 227626 2760 1148394808 0 2017-12-01 12:50:25
1165086593 230941 2800 1165086593 0 2017-12-01 12:51:17
1181778378 234256 2840 1181778378 0 2017-12-01 12:52:08
1198470163 237571 2880 1198470163 0 2017-12-01 12:52:45
1215161948 240886 2920 1215161948 0 2017-12-01 12:53:15
1231853733 244201 2960 1231853733 0 2017-12-01 12:53:40
1248545518 247516 3000 1248545518 0 2017-12-01 12:54:58
1265237303 250831 3040 1265237303 0 2017-12-01 12:55:41
1281929088 254146 3080 1281929088 0 2017-12-01 12:59:28
1298620873 257461 3120 1298620873 0 2017-12-01 12:56:53
1315312658 260776 3160 1315312658 0 2017-12-01 12:57:43
1332004443 264091 3200 1332004443 0 2017-12-01 12:58:13
1348696228 267406 3240 1348696228 0 2017-12-01 12:59:14
1365388013 270721 3280 1365388013 0 2017-12-01 13:03:15
1382079798 274036 3320 1382079798 0 2017-12-01 13:00:39
1398771583 277351 3360 1398771583 0 2017-12-01 13:00:43
1415463368 280666 3400 1415463368 0 2017-12-01 13:02:04
1432155153 283981 3440 1432155153 0 2017-12-01 13:06:05
1448846938 287296 3480 1448846938 0 2017-12-01 13:06:47
1465538723 290611 3520 1465538723 0 2017-12-01 13:04:12
1482230508 293926 3560 1482230508 0 2017-12-01 13:04:49
1498922293 297241 3600 1498922293 0 2017-12-01 13:05:37
1515614078 300556 3640 1515614078 0 2017-12-01 13:06:01
1532305863 303871 3680 1532305863 0 2017-12-01 13:07:02
1548997648 307186 3720 1548997648 0 2017-12-01 13:07:44
1565689433 310501 3760 1565689433 0 2017-12-01 13:08:03
1582381218 313816 3800 1582381218 0 2017-12-01 13:12:27
1599073003 317131 3840 1599073003 0 2017-12-01 13:09:52
1615764788 320446 3880 1615764788 0 2017-12-01 13:13:39
1632456573 323761 3920 1632456573 0 2017-12-01 13:10:43
1649148358 327076 3960 1649148358 0 2017-12-01 13:11:23
1665840143 330391 4000 1665840143 0 2017-12-01 13:12:37
1682531928 333706 4040 1682531928 0 2017-12-01 13:13:24
1699223713 337021 4080 1699223713 0 2017-12-01 13:14:07
1715915498 340336 4120 1715915498 0 2017-12-01 13:14:41
1732607283 343651 4160 1732607283 0 2017-12-01 13:15:27
1749299068 346966 4200 1749299068 0 2017-12-01 13:15:56
1765990853 350281 4240 1765990853 0 2017-12-01 13:16:52
1782682638 353596 4280 1782682638 0 2017-12-01 13:17:39
1799374423 356911 4320 1799374423 0 2017-12-01 13:18:21
1816066208 360226 4360 1816066208 0 2017-12-01 13:19:04
1832757993 363541 4400 1832757993 0 2017-12-01 13:19:38
1849449778 366856 4440 1849449778 0 2017-12-01 13:20:29
1866141563 370171 4480 1866141563 0 2017-12-01 13:24:25
1882833348 373486 4520 1882833348 0 2017-12-01 13:21:54
1899525133 376801 4560 1899525133 0 2017-12-01 13:22:37
1916216918 380116 4600 1916216918 0 2017-12-01 13:22:41
1932908703 383431 4640 1932908703 0 2017-12-01 13:24:02
1949600488 386746 4680 1949600488 0 2017-12-01 13:24:40
1966292273 390061 4720 1966292273 0 2017-12-01 13:28:45
1982984058 393376 4760 1982984058 0 2017-12-01 13:25:56
1999675843 396691 4800 1999675843 0 2017-12-01 13:29:56
2016367628 400006 4840 2016367628 0 2017-12-01 13:27:34
2033059413 403321 4880 2033059413 0 2017-12-01 13:28:16
2049751198 406636 4920 2049751198 0 2017-12-01 13:28:59
2066442983 409951 4960 2066442983 0 2017-12-01 13:29:29
2083134768 413266 5000 2083134768 0 2017-12-01 13:33:42
2099826553 416581 5040 2099826553 0 2017-12-01 13:31:06
2116518338 419896 5080 2116518338 0 2017-12-01 13:31:49
2133210123 423211 5120 2133210123 0 2017-12-01 13:32:13
2149901908 426526 5160 2149901908 0 2017-12-01 13:33:14
2166593693 429841 5200 2166593693 0 2017-12-01 13:33:56
2183285478 433156 5240 2183285478 0 2017-12-01 13:34:38
2199977263 436471 5280 2199977263 0 2017-12-01 13:35:21
2216669048 439786 5320 2216669048 0 2017-12-01 13:36:03
2233360833 443101 5360 2233360833 0 2017-12-01 13:36:46
2250052618 446416 5400 2250052618 0 2017-12-01 13:37:29
2266744403 449731 5440 2266744403 0 2017-12-01 13:37:38
2283436188 453046 5480 2283436188 0 2017-12-01 13:38:49
2300127973 456361 5520 2300127973 0 2017-12-01 13:39:37
2316819758 459676 5560 2316819758 0 2017-12-01 13:40:19
2333511543 462991 5600 2333511543 0 2017-12-01 13:41:02
2350203328 466306 5640 2350203328 0 2017-12-01 13:41:44
2366895113 469621 5680 2366895113 0 2017-12-01 13:42:27
2383586898 472936 5720 2383586898 0 2017-12-01 13:43:10
2400278683 476251 5760 2400278683 0 2017-12-01 13:43:16
2416970468 479566 5800 2416970468 0 2017-12-01 13:43:56
2433662253 482881 5840 2433662253 0 2017-12-01 13:45:04
2450354038 486196 5880 2450354038 0 2017-12-01 13:45:22
2467045823 489511 5920 2467045823 0 2017-12-01 13:46:43
2483737608 492826 5960 2483737608 0 2017-12-01 13:46:49
2500429393 496141 6000 2500429393 0 2017-12-01 13:48:08
2517121178 499456 6040 2517121178 0 2017-12-01 13:48:51
2533812963 502771 6080 2533812963 0 2017-12-01 13:49:33
2550504748 506086 6120 2550504748 0 2017-12-01 13:49:52
2567196533 509401 6160 2567196533 0 2017-12-01 13:50:46
2583888318 512716 6200 2583888318 0 2017-12-01 13:51:41
2600580103 516031 6240 2600580103 0 2017-12-01 13:52:24
2617271888 519346 6280 2617271888 0 2017-12-01 13:53:07
2633963673 522661 6320 2633963673 0 2017-12-01 13:53:50
2650655458 525976 6360 2650655458 0 2017-12-01 13:54:32
2667347243 529291 6400 2667347243 0 2017-12-01 13:54:56
2684039028 532606 6440 2684039028 0 2017-12-01 13:55:58
2700730813 535921 6480 2700730813 0 2017-12-01 13:56:17
2717422598 539236 6520 2717422598 0 2017-12-01 13:57:23
2734114383 542551 6560 2734114383 0 2017-12-01 13:58:06
2750806168 545866 6600 2750806168 0 2017-12-01 13:58:13
2767497953 549181 6640 2767497953 0 2017-12-01 13:59:32
2784189738 552496 6680 2784189738 0 2017-12-01 14:03:33
2800881523 555811 6720 2800881523 0 2017-12-01 14:00:53
2817573308 559126 6760 2817573308 0 2017-12-01 14:01:40
2834265093 562441 6800 2834265093 0 2017-12-01 14:02:23
2850956878 565756 6840 2850956878 0 2017-12-01 14:05:50
2867648663 569071 6880 2867648663 0 2017-12-01 14:03:30
2884340448 572386 6920 2884340448 0 2017-12-01 14:04:30
2901032233 575701 6960 2901032233 0 2017-12-01 14:05:13
2917724018 579016 7000 2917724018 0 2017-12-01 14:05:42
2934415803 582331 7040 2934415803 0 2017-12-01 14:06:38
2951107588 585646 7080 2951107588 0 2017-12-01 14:07:21
2967799373 588961 7120 2967799373 0 2017-12-01 14:07:58
2984491158 592276 7160 2984491158 0 2017-12-01 14:08:45
3001182943 595591 7200 3001182943 0 2017-12-01 14:12:46
3017874728 598906 7240 3017874728 0 2017-12-01 14:10:11
3034566513 602221 7280 3034566513 0 2017-12-01 14:14:07
3051258298 605536 7320 3051258298 0 2017-12-01 14:11:36
3067950083 608851 7360 3067950083 0 2017-12-01 14:12:00
3084641868 612166 7400 3084641868 0 2017-12-01 14:13:01
3101333653 615481 7440 3101333653 0 2017-12-01 14:13:10
3118025438 618796 7480 3118025438 0 2017-12-01 14:14:17
3134717223 622111 7520 3134717223 0 2017-12-01 14:15:08
3151409008 625426 7560 3151409008 0 2017-12-01 14:15:51
3168100793 628741 7600 3168100793 0 2017-12-01 14:16:34
3184792578 632056 7640 3184792578 0 2017-12-01 14:17:16
3201484363 635371 7680 3201484363 0 2017-12-01 14:17:59
3218176148 638686 7720 3218176148 0 2017-12-01 14:18:42
3234867933 642001 7760 3234867933 0 2017-12-01 14:19:25
3251559718 645316 7800 3251559718 0 2017-12-01 14:20:07
3268251503 648631 7840 3268251503 0 2017-12-01 14:20:50
3284943288 651946 7880 3284943288 0 2017-12-01 14:21:33
3301635073 655261 7920 3301635073 0 2017-12-01 14:21:40
3318326858 658576 7960 3318326858 0 2017-12-01 14:22:30
3335018643 661895 8000 3335018643 0 2017-12-01 14:23:12
3351710428 665220 8040 3351710428 0 2017-12-01 14:23:50
3368402213 668545 8080 3368402213 0 2017-12-01 14:28:11
3385093998 671870 8120 3385093998 0 2017-12-01 14:25:13
3401785783 675195 8160 3401785783 0 2017-12-01 14:26:19
3418477568 678520 8200 3418477568 0 2017-12-01 14:27:15
3435169353 681845 8240 3435169353 0 2017-12-01 14:27:57
3451861138 685170 8280 3451861138 0 2017-12-01 14:28:04
3468552923 688495 8320 3468552923 0 2017-12-01 14:29:10
3485244708 691820 8360 3485244708 0 2017-12-01 14:30:06
3501936493 695145 8400 3501936493 0 2017-12-01 14:30:36
3518628278 698470 8440 3518628278 0 2017-12-01 14:31:31
3535320063 701795 8480 3535320063 0 2017-12-01 14:32:01
3552011848 705120 8520 3552011848 0 2017-12-01 14:32:57
3568703633 708445 8560 3568703633 0 2017-12-01 14:33:40
3585395418 711770 8600 3585395418 0 2017-12-01 14:34:23
3602087203 715095 8640 3602087203 0 2017-12-01 14:34:53
3618778988 718420 8680 3618778988 0 2017-12-01 14:35:49
3635470773 721745 8720 3635470773 0 2017-12-01 14:36:31
3652162558 725070 8760 3652162558 0 2017-12-01 14:37:14
3668854343 728395 8800 3668854343 0 2017-12-01 14:37:57
3685546128 731720 8840 3685546128 0 2017-12-01 14:38:39
3702237913 735045 8880 3702237913 0 2017-12-01 14:39:13
3718929698 738370 8920 3718929698 0 2017-12-01 14:39:29
3735621483 741695 8960 3735621483 0 2017-12-01 14:40:48
3752313268 745020 9000 3752313268 0 2017-12-01 14:41:31
3769005053 748345 9040 3769005053 0 2017-12-01 14:41:38
3785696838 751670 9080 3785696838 0 2017-12-01 14:42:57
3802388623 754995 9120 3802388623 0 2017-12-01 14:43:40
3819080408 758320 9160 3819080408 0 2017-12-01 14:44:11
3835772193 761645 9200 3835772193 0 2017-12-01 14:45:07
3852463978 764970 9240 3852463978 0 2017-12-01 14:45:50
3869155763 768295 9280 3869155763 0 2017-12-01 14:45:57
3885847548 771620 9320 3885847548 0 2017-12-01 14:47:03
3902539333 774945 9360 3902539333 0 2017-12-01 14:47:35
3919231118 778270 9400 3919231118 0 2017-12-01 14:48:41
3935922903 781595 9440 3935922903 0 2017-12-01 14:49:24
3952614688 784920 9480 3952614688 0 2017-12-01 14:50:07
3969306473 788245 9520 3969306473 0 2017-12-01 14:50:51
3985998258 791570 9560 3985998258 0 2017-12-01 14:51:34
4002690043 794895 9600 4002690043 0 2017-12-01 14:55:31
4019381828 798220 9640 4019381828 0 2017-12-01 14:52:24
4036073613 801545 9680 4036073613 0 2017-12-01 14:53:24
4052765398 804870 9720 4052765398 0 2017-12-01 14:53:50
4069457183 808195 9760 4069457183 0 2017-12-01 14:54:56
4086148968 811520 9800 4086148968 0 2017-12-01 14:55:47
4102840753 814845 9840 4102840753 0 2017-12-01 14:56:35
4119532538 818170 9880 4119532538 0 2017-12-01 15:00:36
4136224323 821495 9920 4136224323 0 2017-12-01 14:57:47
4152916108 824820 9960 4152916108 0 2017-12-01 14:58:43
4169607893 828145 10000 4169607893 0 2017-12-01 14:59:26
4186299678 831470 10040 4186299678 0 2017-12-01 14:59:56
4202991463 834795 10080 4202991463 0 2017-12-01 15:00:52
4219683248 838120 10120 4219683248 0 2017-12-01 15:04:48
4236375033 841445 10160 4236375033 0 2017-12-01 15:01:41
4253066818 844770 10200 4253066818 0 2017-12-01 15:02:38
4269758603 848095 10240 4269758603 0 2017-12-01 15:03:43
4286450388 851420 10280 4286450388 0 2017-12-01 15:04:26
4303142173 854745 10320 4303142173 0 2017-12-01 15:05:09
4319833958 858070 10360 4319833958 0 2017-12-01 15:05:16
4336525743 861395 10400 4336525743 0 2017-12-01 15:05:59
4353217528 864720 10440 4353217528 0 2017-12-01 15:07:17
4369909313 868045 10480 4369909313 0 2017-12-01 15:07:22
4386601098 871370 10520 4386601098 0 2017-12-01 15:08:44
4403292883 874695 10560 4403292883 0 2017-12-01 15:12:45
4419984668 878020 10600 4419984668 0 2017-12-01 15:09:47
4436676453 881345 10640 4436676453 0 2017-12-01 15:10:53
4453368238 884670 10680 4453368238 0 2017-12-01 15:14:54
4470060023 887995 10720 4470060023 0 2017-12-01 15:12:18
4486751808 891320 10760 4486751808 0 2017-12-01 15:12:52
4503443593 894645 10800 4503443593 0 2017-12-01 15:13:08
4520135378 897970 10840 4520135378 0 2017-12-01 15:17:32
4536827163 901295 10880 4536827163 0 2017-12-01 15:14:34
4553518948 904620 10920 4553518948 0 2017-12-01 15:19:11
4570210733 907945 10960 4570210733 0 2017-12-01 15:19:56
4586902518 911270 11000 4586902518 0 2017-12-01 15:17:20
4603594303 914595 11040 4603594303 0 2017-12-01 15:17:26
4620286088 917920 11080 4620286088 0 2017-12-01 15:21:48
4636977873 921245 11120 4636977873 0 2017-12-01 15:18:50
4653669658 924570 11160 4653669658 0 2017-12-01 15:19:35
4670361443 927895 11200 4670361443 0 2017-12-01 15:20:18
4687053228 931220 11240 4687053228 0 2017-12-01 15:21:37
4703745013 934545 11280 4703745013 0 2017-12-01 15:22:12
4720436798 937870 11320 4720436798 0 2017-12-01 15:22:27
4737128583 941195 11360 4737128583 0 2017-12-01 15:23:47
4753820368 944520 11400 4753820368 0 2017-12-01 15:27:49
4770512153 947845 11440 4770512153 0 2017-12-01 15:24:50
4787203938 951170 11480 4787203938 0 2017-12-01 15:25:57
4803895723 954495 11520 4803895723 0 2017-12-01 15:29:59
4820587508 957820 11560 4820587508 0 2017-12-01 15:27:23
4837279293 961145 11600 4837279293 0 2017-12-01 15:31:20
4853971078 964470 11640 4853971078 0 2017-12-01 15:28:13
4870662863 967795 11680 4870662863 0 2017-12-01 15:32:17
4887354648 971120 11720 4887354648 0 2017-12-01 15:30:02
4904046433 974445 11760 4904046433 0 2017-12-01 15:34:11
4920738218 977770 11800 4920738218 0 2017-12-01 15:34:59
4937430003 981095 11840 4937430003 0 2017-12-01 15:32:11
4954121788 984420 11880 4954121788 0 2017-12-01 15:33:07
4970813573 987745 11920 4970813573 0 2017-12-01 15:33:50
4987505358 991070 11960 4987505358 0 2017-12-01 15:33:56
5004197143 994395 12000 5004197143 0 2017-12-01 15:38:17
5020888928 997720 12040 5020888928 0 2017-12-01 15:35:50
5037580713 1.00105e+06 12080 5037580713 0 2017-12-01 15:39:46
5054272498 1.0044e+06 12120 5054272498 0 2017-12-01 15:37:24
5070964283 1.00775e+06 12160 5070964283 0 2017-12-01 15:37:59
5087656068 1.0111e+06 12200 5087656068 0 2017-12-01 15:38:51
5104347853 1.01445e+06 12240 5104347853 0 2017-12-01 15:39:33
5121039638 1.0178e+06 12280 5121039638 0 2017-12-01 15:39:40
5137731423 1.02115e+06 12320 5137731423 0 2017-12-01 15:40:54
5154423208 1.0245e+06 12360 5154423208 0 2017-12-01 15:41:08
5171114993 1.02785e+06 12400 5171114993 0 2017-12-01 15:45:30
5187806778 1.0312e+06 12440 5187806778 0 2017-12-01 15:42:31
5204498563 1.03455e+06 12480 5204498563 0 2017-12-01 15:47:10
5221190348 1.0379e+06 12520 5221190348 0 2017-12-01 15:44:20
5237882133 1.04125e+06 12560 5237882133 0 2017-12-01 15:48:36
5254573918 1.0446e+06 12600 5254573918 0 2017-12-01 15:49:05
5271265703 1.04795e+06 12640 5271265703 0 2017-12-01 15:49:49
5287957488 1.0513e+06 12680 5287957488 0 2017-12-01 15:47:27
5304649273 1.05465e+06 12720 5304649273 0 2017-12-01 15:51:29
5321341058 1.058e+06 12760 5321341058 0 2017-12-01 15:48:53
5338032843 1.06135e+06 12800 5338032843 0 2017-12-01 15:48:57
5354724628 1.0647e+06 12840 5354724628 0 2017-12-01 15:53:04
5371416413 1.06805e+06 12880 5371416413 0 2017-12-01 15:51:02
5388108198 1.0714e+06 12920 5388108198 0 2017-12-01 15:51:40
5404799983 1.07475e+06 12960 5404799983 0 2017-12-01 15:51:52
5421491768 1.0781e+06 13000 5421491768 0 2017-12-01 15:56:26
5438183553 1.08145e+06 13040 5438183553 0 2017-12-01 15:53:17
5454875338 1.0848e+06 13080 5454875338 0 2017-12-01 15:54:00
5471567123 1.08815e+06 13120 5471567123 0 2017-12-01 15:54:46
5488258908 1.0915e+06 13160 5488258908 0 2017-12-01 15:56:05
5504950693 1.09485e+06 13200 5504950693 0 2017-12-01 15:56:48
5521642478 1.0982e+06 13240 5521642478 0 2017-12-01 15:57:23
5538334263 1.10155e+06 13280 5538334263 0 2017-12-01 15:57:36
5555026048 1.1049e+06 13320 5555026048 0 2017-12-01 16:02:17
5571717833 1.10825e+06 13360 5571717833 0 2017-12-01 16:02:47
5588409618 1.1116e+06 13400 5588409618 0 2017-12-01 16:00:25
5605101403 1.11495e+06 13440 5605101403 0 2017-12-01 16:01:08
5621793188 1.1183e+06 13480 5621793188 0 2017-12-01 16:01:18
5638484973 1.12165e+06 13520 5638484973 0 2017-12-01 16:02:06
5655176758 1.125e+06 13560 5655176758 0 2017-12-01 16:03:17
5671868543 1.12835e+06 13600 5671868543 0 2017-12-01 16:04:00
5688560328 1.1317e+06 13640 5688560328 0 2017-12-01 16:04:44
5705252113 1.13505e+06 13680 5705252113 0 2017-12-01 16:05:18
5721943898 1.1384e+06 13720 5721943898 0 2017-12-01 16:05:33
5738635683 1.14175e+06 13760 5738635683 0 2017-12-01 16:06:53
5755327468 1.1451e+06 13800 5755327468 0 2017-12-01 16:07:36
5772019253 1.14845e+06 13840 5772019253 0 2017-12-01 16:08:19
5788711038 1.1518e+06 13880 5788711038 0 2017-12-01 16:08:39
5805402823 1.15515e+06 13920 5805402823 0 2017-12-01 16:12:47
5822094608 1.1585e+06 13960 5822094608 0 2017-12-01 16:13:30
5838786393 1.16185e+06 14000 5838786393 0 2017-12-01 16:11:12
5855478178 1.1652e+06 14040 5855478178 0 2017-12-01 16:11:19
5872169963 1.16855e+06 14080 5872169963 0 2017-12-01 16:15:43
5888861748 1.1719e+06 14120 5888861748 0 2017-12-01 16:16:26
5905553533 1.17525e+06 14160 5905553533 0 2017-12-01 16:14:04
5922245318 1.1786e+06 14200 5922245318 0 2017-12-01 16:14:35
5938937103 1.18195e+06 14240 5938937103 0 2017-12-01 16:15:31
5955628888 1.1853e+06 14280 5955628888 0 2017-12-01 16:16:05
5972320673 1.18865e+06 14320 5972320673 0 2017-12-01 16:16:28
5989012458 1.192e+06 14360 5989012458 0 2017-12-01 16:17:01
6005704243 1.19535e+06 14400 6005704243 0 2017-12-01 16:18:24
6022396028 1.1987e+06 14440 6022396028 0 2017-12-01 16:18:38
6039087813 1.20205e+06 14480 6039087813 0 2017-12-01 16:19:50
6055779598 1.2054e+06 14520 6055779598 0 2017-12-01 16:23:52
6072471383 1.20875e+06 14560 6072471383 0 2017-12-01 16:21:16
6089163168 1.2121e+06 14600 6089163168 0 2017-12-01 16:21:59
6105854953 1.21545e+06 14640 6105854953 0 2017-12-01 16:22:42
6122546738 1.2188e+06 14680 6122546738 0 2017-12-01 16:23:25
6139238523 1.22215e+06 14720 6139238523 0 2017-12-01 16:23:50
6155930308 1.2255e+06 14760 6155930308 0 2017-12-01 16:24:15
6172622093 1.22885e+06 14800 6172622093 0 2017-12-01 16:25:27
6189313878 1.2322e+06 14840 6189313878 0 2017-12-01 16:25:46
6206005663 1.23555e+06 14880 6206005663 0 2017-12-01 16:26:44
6222697448 1.2389e+06 14920 6222697448 0 2017-12-01 16:27:17
6239389233 1.24225e+06 14960 6239389233 0 2017-12-01 16:28:28
6256081018 1.2456e+06 15000 6256081018 0 2017-12-01 16:29:07
6272772803 1.24895e+06 15040 6272772803 0 2017-12-01 16:29:36
6289464588 1.2523e+06 15080 6289464588 0 2017-12-01 16:30:19
6306156373 1.25565e+06 15120 6306156373 0 2017-12-01 16:34:26
6322848158 1.259e+06 15160 6322848158 0 2017-12-01 16:35:06
6339539943 1.26235e+06 15200 6339539943 0 2017-12-01 16:32:09
6356231728 1.2657e+06 15240 6356231728 0 2017-12-01 16:33:31
6372923513 1.26905e+06 15280 6372923513 0 2017-12-01 16:34:13
6389615298 1.2724e+06 15320 6389615298 0 2017-12-01 16:34:43
6406307083 1.27575e+06 15360 6406307083 0 2017-12-01 16:35:39
6406307083 1.27575e+06 15360 6406307083 0 2017-12-01 16:35:39
6419660511 1.27843e+06 15400 6419660511 0 2017-12-17 09:59:03
6436352296 1.28178e+06 15440 6436352296 0 2017-12-17 09:59:29
6436352296 1.28178e+06 15440 6436352296 0 2017-12-17 09:59:29
6450232833 1.28455e+06 15480 6450232833 0 2017-12-19 10:18:58
6453571190 1.28522e+06 15488 6453571190 0 2017-12-19 10:14:55
6470262975 1.28857e+06 15563 6470262975 0 2017-12-19 19:03:10
6486954760 1.29192e+06 15638 6486954760 0 2017-12-19 19:04:27
6503646545 1.29527e+06 15713 6503646545 0 2017-12-19 19:05:45
6520338330 1.29862e+06 15788 6520338330 0 2017-12-19 19:07:02
6537030115 1.30197e+06 15863 6537030115 0 2017-12-19 19:07:33
6553721900 1.30532e+06 15938 6553721900 0 2017-12-19 19:09:37
6570413685 1.30867e+06 16013 6570413685 0 2017-12-19 19:10:05
6587105470 1.31202e+06 16088 6587105470 0 2017-12-19 19:12:11
6603797255 1.31537e+06 16163 6603797255 0 2017-12-19 19:12:59
6620489040 1.31872e+06 16238 6620489040 0 2017-12-19 19:14:47
6637180825 1.32207e+06 16313 6637180825 0 2017-12-19 19:15:22
6653872610 1.32542e+06 16388 6653872610 0 2017-12-19 19:16:45
6670564395 1.32877e+06 16463 6670564395 0 2017-12-19 19:18:40
6687256180 1.33212e+06 16538 6687256180 0 2017-12-19 19:23:28
6703947965 1.33547e+06 16613 6703947965 0 2017-12-19 19:21:15
6720639750 1.33882e+06 16688 6720639750 0 2017-12-19 19:22:32
6737331535 1.34217e+06 16763 6737331535 0 2017-12-19 19:23:50
6754023320 1.34552e+06 16838 6754023320 0 2017-12-19 19:25:08
6770715105 1.34887e+06 16913 6770715105 0 2017-12-19 19:25:36
6787406890 1.35222e+06 16988 6787406890 0 2017-12-19 19:27:07
6787406890 1.35222e+06 16988 6787406890 0 2017-12-19 19:27:07
